10,30
11,30
12,32
13,31
14,32
15,33
16,33
17,33
18,33
19,34
20,35
21,35
22,36
23,35
24,35
25,37
26,37
27,37
28,39
29,38
30,38
31,40
32,40
33,40
34,41
35,43
36,41
37,43
38,62
39,45
40,45
41,44
42,46
43,46
44,48
45,47
46,51
47,33
48,33
49,34
50,34
51,35
52,36
53,35
54,35
55,35
56,36
57,36
58,37
59,37
60,38
61,38
62,38
63,39
64,40
65,38
66,42
67,39
68,43
69,43
70,41
71,44
72,45
73,44
74,44
75,45
76,46
77,44
78,43
79,46
80,46
81,46
82,46
83,46
84,47
85,47
86,57
87,48
88,46
89,49
90,48
91,50
92,51
93,41
94,45
95,51
96,51
97,49
98,50
99,52
100,48
101,49
102,49
103,48
104,50
105,48
106,50
107,65
108,38
109,39
110,39
111,38
112,41
113,40
114,39
115,39
116,40
117,40
118,40
119,42
120,40
121,42
122,41
123,42
124,41
125,42
126,43
127,44
128,43
129,44
130,43
131,43
132,44
133,44
134,45
135,43
136,44
137,43
138,40
139,39
140,38
141,39
142,39
143,39
144,40
145,41
146,40
147,41
148,40
149,41
150,42
151,41
152,42
153,41
154,41
155,42
156,42
157,44
158,43
159,44
160,42
161,44
162,43
163,44
164,44
165,44
166,45
167,46
168,45
169,44
170,45
171,45
172,46
173,45
174,46
175,46
176,46
177,47
178,46
179,46
180,47
181,55
182,39
183,39
184,38
185,38
186,39
187,40
188,39
189,39
190,40
191,40
192,40
193,41
194,40
195,40
196,41
197,41
198,42
199,42
200,42
201,41
202,41
203,41
204,42
205,43
206,44
207,43
208,45
209,44
210,44
211,44
212,43
213,44
214,44
215,43
216,43
217,44
218,44
219,44
220,44
221,45
222,46
223,44
224,45
225,45
226,46
227,45
228,46
229,45
230,46
231,47
232,47
233,46
234,47
235,48
236,45
237,48
238,48
239,47
240,48
241,49
242,48
243,49
244,50
245,50
246,49
247,49
248,50
249,51
250,50
251,50
252,50
253,50
254,50
255,51
256,51
257,50
258,63
259,42
260,55
261,44
262,43
263,44
264,44
265,44
266,43
267,44
268,43
269,44
270,46
271,45
272,45
273,44
274,45
275,46
276,47
277,46
278,45
279,46
280,46
281,47
282,55
283,61
284,46
285,47
286,56
287,59
288,60
289,60
290,120
291,61
292,63
293,61
294,63
295,62
296,62
297,64
298,63
299,62
300,62
301,66
302,66
303,72
304,69
305,73
306,68
307,69
308,67
309,66
310,66
311,94
312,65
313,67
314,84
315,83
316,86
317,80
318,76
319,98
320,71
321,68
322,76
323,72
324,70
325,72
326,72
327,70
328,70
329,73
330,71
331,69
332,70
333,72
334,75
335,73
336,70
337,72
338,73
339,73
340,72
341,71
342,72
343,72
344,73
345,73
346,74
347,74
348,74
349,74
350,72
351,81
352,76
353,88
354,75
355,81
356,79
357,71
358,75
359,78
360,76
361,73
362,74
363,78
364,76
365,78
366,80
367,84
368,73
369,72
370,84
371,77
372,80
373,100
374,85
375,78
376,87
377,75
378,78
379,78
380,84
381,87
382,90
383,75
384,63
385,76
386,66
387,70
388,61
389,66
390,65
391,63
392,68
393,67
394,72
395,73
396,77
397,77
398,78
399,76
400,83
401,77
402,77
403,78
404,78
405,80
406,101
407,84
408,80
409,68
410,66
411,67
412,68
413,66
414,67
415,68
416,67
417,67
418,68
419,68
420,66
421,68
422,68
423,69
424,67
425,68
426,68
427,71
428,70
429,69
430,71
431,69
432,69
433,70
434,70
435,67
436,71
437,69
438,70
439,70
440,70
441,69
442,69
443,70
444,72
445,69
446,71
447,72
448,99
449,72
450,71
451,71
452,71
453,72
454,72
455,74
456,73
457,72
458,74
459,74
460,73
461,71
462,72
463,73
464,72
465,79
466,86
467,83
468,88
469,90
470,88
471,85
472,88
473,81
474,86
475,86
476,80
477,83
478,87
479,80
480,79
481,78
482,75
483,79
484,89
485,105
486,71
487,72
488,73
489,71
490,72
491,72
492,73
493,78
494,73
495,74
496,72
497,74
498,75
499,74
500,76
501,76
502,75
503,76
504,85
505,79
506,78
507,79
508,79
509,79
510,88
511,80
512,87
513,87
514,83
515,81
516,101
517,114
518,104
519,107
520,108
521,103
522,101
523,113
524,92
525,83
526,81
527,82
528,80
529,80
530,81
531,82
532,86
533,83
534,93
535,101
536,93
537,84
538,99
539,86
540,102
541,106
542,105
543,100
544,93
545,156
546,105
547,98
548,102
549,89
550,86
551,84
552,84
553,85
554,86
555,127
556,97
557,83
558,82
559,82
560,84
561,83
562,84
563,83
564,83
565,86
566,86
567,84
568,83
569,84
570,82
571,84
572,84
573,83
574,82
575,82
576,85
577,86
578,85
579,85
580,92
581,88
582,90
583,87
584,87
585,88
586,99
587,91
588,93
589,92
590,90
591,112
592,108
593,93
594,95
595,96
596,89
597,91
598,91
599,89
600,90
601,92
602,91
603,91
604,91
605,90
606,92
607,93
608,90
609,89
610,92
611,91
612,91
613,91
614,93
615,96
616,97
617,110
618,103
619,102
620,101
621,100
622,113
623,195
624,113
625,107
626,115
627,116
628,119
629,106
630,122
631,108
632,112
633,126
634,138
635,129
636,127
637,120
638,116
639,125
640,122
641,119
642,106
643,110
644,104
645,127
646,108
647,111
648,106
649,119
650,112
651,103
652,103
653,110
654,100
655,100
656,107
657,121
658,116
659,120
660,115
661,117
662,114
663,116
664,138
665,123
666,115
667,116
668,116
669,115
670,114
671,110
672,115
673,132
674,136
675,101
676,103
677,103
678,147
679,130
680,140
681,152
682,139
683,137
684,141
685,138
686,158
687,146
688,127
689,134
690,135
691,137
692,132
693,129
694,132
695,128
696,131
697,139
698,135
699,132
700,140
701,133
702,167
703,125
704,109
705,105
706,107
707,109
708,106
709,108
710,109
711,108
712,107
713,120
714,141
715,135
716,133
717,127
718,136
719,135
720,136
721,128
722,139
723,140
724,134
725,138
726,142
727,149
728,127
729,171
730,142
731,159
732,143
733,146
734,137
735,160
736,136
737,147
738,134
739,140
740,133
741,126
742,122
743,123
744,122
745,122
746,126
747,128
748,155
749,180
750,129
751,132
752,147
753,123
754,126
755,129
756,129
757,125
758,129
759,120
760,118
761,116
762,126
763,120
764,121
765,119
766,114
767,113
768,114
769,114
770,116
771,113
772,115
773,116
774,115
775,135
776,128
777,115
778,116
779,127
780,134
781,145
782,158
783,183
784,161
785,135
786,144
787,140
788,126
789,118
790,118
791,116
792,115
793,117
794,114
795,119
796,143
797,150
798,148
799,150
800,136
801,126
802,122
803,147
804,182
805,164
806,153
807,162
808,154
809,182
810,163
811,156
812,183
813,158
814,155
815,145
816,148
817,133
818,136
819,130
820,143
821,178
822,151
823,158
824,145
825,168
826,133
827,130
828,142
829,151
830,147
831,133
832,135
833,145
834,141
835,150
836,133
837,133
838,129
839,130
840,141
841,134
842,155
843,191
844,138
845,141
846,169
847,163
848,183
849,150
850,150
851,143
852,144
853,166
854,178
855,155
856,150
857,162
858,139
859,142
860,141
861,161
862,143
863,142
864,161
865,140
866,142
867,143
868,180
869,125
870,127
871,136
872,152
873,154
874,165
875,156
876,171
877,177
878,182
879,180
880,154
881,166
882,169
883,163
884,175
885,128
886,127
887,128
888,132
889,146
890,136
891,137
892,135
893,149
894,150
895,141
896,130
897,130
898,136
899,131
900,131
901,135
902,134
903,130
904,137
905,158
906,162
907,138
908,148
909,180
910,197
911,182
912,175
913,182
914,187
915,152
916,144
917,146
918,144
919,145
920,143
921,147
922,147
923,144
924,156
925,174
926,171
927,203
928,168
929,171
930,164
931,189
932,177
933,171
934,175
935,169
936,188
937,172
938,178
939,165
940,161
941,163
942,166
943,182
944,168
945,166
946,166
947,164
948,164
949,187
950,169
951,169
952,181
953,202
954,189
955,189
956,195
957,199
958,198
959,206
960,204
961,199
962,199
963,216
964,190
965,176
966,179
967,177
968,175
969,172
970,152
971,151
972,155
973,160
974,159
975,154
976,159
977,162
978,158
979,154
980,149
981,150
982,151
983,160
984,192
985,169
986,182
987,165
988,188
989,213
990,200
991,177
992,218
993,206
994,153
995,158
996,187
997,176
998,174
999,159