673,631
92,651
234,430
797,245
17,673
848,327
226,434
474,361
684,410
935,11
661,784
859,580
678,648
881,891
585,22
920,949
27,482
673,639
967,235
128,302
479,275
629,208
716,631
220,545
874,636
154,741
378,92
924,976
532,314
400,619
339,127
388,349
34,145
987,424
855,948
252,750
252,731
186,155
276,152
720,405
704,707
313,103
983,883
801,889
964,363
847,564
484,381
962,286
576,877
308,500
389,727
10,533
196,442
765,273
452,470
155,492
189,116
159,740
471,261
250,529
53,214
679,180
990,697
59,948
236,793
928,788
412,26
665,551
710,808
190,215
980,754
614,769
919,700
931,236
798,489
156,957
73,191
960,909
199,931
908,343
878,940
903,714
110,566
302,947
604,17
723,352
600,966
623,657
119,979
369,379
273,746
191,301
9,379
63,377
929,920
991,481
279,843
843,460
946,93
535,50
122,735
29,510
769,3
407,732
444,116
902,988
678,763
264,192
285,740
283,351
867,895
932,202
653,378
234,84
524,195
657,861
415,914
796,682
113,778
998,611
854,652
667,526
956,415
692,26
837,955
415,926
568,788
763,891
335,158
742,42
539,661
122,803
107,959
406,564
678,455
564,571
108,526
250,266
658,273
992,757
513,1
871,936
896,779
725,449
821,185
259,911
982,608
805,659
750,726
179,664
614,814
67,611
230,213
909,937
671,207
263,905
208,408
594,643
513,420
179,872
745,500
154,951
708,582
970,178
58,305
996,64
47,201
139,601
874,407
732,205
833,96
591,419
679,288
498,486
553,103
530,474
354,730
179,737
948,585
31,431
124,690
584,567
756,192
507,812
113,466
60,72
486,338
536,326
770,308
767,51
982,846
441,368
609,857
391,173
96,703
812,910
73,797
367,22
580,275
775,194
661,606
74,234
933,215
74,179
824,615
768,518
111,538
864,282
119,497
454,259
964,531
247,955
594,55
928,803
612,937
848,943
324,492
832,916
324,233
288,963
672,269
575,10
567,267
925,916
998,108
301,498
65,221
117,443
488,613
293,616
125,895
569,975
255,109
449,321
858,168
636,328
29,109
969,557
541,656
428,261
955,828
897,986
764,151
238,961
653,374
739,992
51,963
911,18
674,121
602,997
382,992
660,168
342,935
882,327
769,289
950,387
322,289
131,988
479,574
612,61
292,543
197,294
686,260
344,88
682,283
822,261
557,245
337,778
628,943
326,787
470,104
758,562
350,675
281,337
122,547
145,773
873,711
766,814
905,443
148,402
577,514
629,295
817,577
642,460
38,959
568,862
729,271
726,367
899,303
108,224
104,327
757,243
937,378
997,709
48,285
809,224
809,168
636,22
619,553
641,463
3,372
721,994
619,142
302,680
87,584
889,568
955,513
572,309
45,954
916,898
643,812
939,303
682,67
898,280
424,237
614,758
87,487
24,357
456,235
36,291
442,443
127,974
624,884
409,717
619,838
718,724
982,270
886,20
474,895
230,701
737,179
533,625
725,63
86,259
422,634
768,81
62,667
882,108
226,674
353,167
77,173
470,73
260,194
122,349
621,320
619,116
578,213
935,710
564,154
842,558
119,441
283,683
181,782
190,929
291,31
658,822
270,37
615,568
153,107
482,883
928,677
860,355
302,249
88,255
18,230
224,710
549,845
231,938
853,579
395,457
916,442
1,536
460,189
288,565
814,461
752,268
131,888
560,294
710,852
374,416
742,167
871,685
798,818
590,845
964,23
866,881
854,579
303,140
73,0
15,717
719,936
491,654
271,865
13,875
379,84
885,796
586,329
484,554
443,153
438,839
421,487
481,313
890,656
379,851
863,661
477,605
707,144
601,98
372,263
790,244
456,684
779,478
0,953
755,80
641,921
18,559
63,11
6,555
530,167
536,81
197,861
784,590
880,689
57,854
4,534
964,463
987,477
889,664
965,420
58,730
867,193
866,320
360,716
897,456
112,563
790,317
125,610
431,24
725,881
493,77
869,140
536,3
612,278
823,356
354,945
342,991
467,556
10,209
605,201
36,380
135,951
580,309
796,982
386,12
70,487
158,515
619,81
307,565
799,281
817,262
489,963
246,637
438,292
566,274
693,68
246,727
658,696
348,271
276,963
805,423
602,370
474,418
310,470
333,13
319,706
977,381
982,907
532,994
856,655
740,934
569,850
388,186
118,153
601,130
14,540
396,310
36,240
698,585
565,845
436,649
715,156
630,882
649,400
374,163
468,789
944,92
210,194
128,721
351,974
275,546
934,296
51,212
101,516
54,591
939,724
806,677
496,524
626,695
306,295
427,71
301,49
77,505
8,13
83,583
61,697
479,739
9,911
329,794
786,962
220,325
517,669
289,937
19,543
707,981
655,311
848,385
793,824
86,605
943,631
5,493
741,527
92,601
392,138
520,946
239,895
884,568
94,993
724,226
644,760
540,793
69,876
978,566
421,999
125,67
363,813
858,581
900,797
697,46
718,48
660,277
532,124
751,913
864,200
587,662
806,819
227,344
422,350
591,139
617,685
268,937
277,199
740,512
112,226
291,992
357,548
612,781
601,775
315,542
473,358
178,6
514,295
229,949
426,982
308,601
3,715
796,172
842,461
423,10
19,480
733,745
369,421
974,954
366,280
772,227
918,117
262,783
774,328
480,0
237,754
274,961
528,395
785,165
5,110
843,606
777,763
808,432
671,801
834,472
961,456
340,883
465,294
576,133
980,648
150,778
791,681
75,865
660,156
757,961
807,724
283,836
964,500
277,828
942,952
965,296
885,218
120,339
394,540
323,476
185,10
760,70
673,810
953,759
500,118
938,382
152,798
461,348
985,275
366,764
240,826
69,532
572,682
119,983
982,884
904,78
542,264
284,45
239,881
179,141
833,236
854,893
908,707
695,848
952,226
856,348
364,767
336,642
304,448
300,826
827,290
91,18
795,694
405,835
584,876
491,433
737,507
858,14
950,226
325,347
877,576
661,443
70,643
670,909
217,413
388,99
391,77
680,284
433,314
674,36
528,671
653,28
79,930
659,65
981,370
668,15
569,904
130,32
841,390
760,580
261,537
796,846
441,185
72,293
725,263
129,787
259,543
703,555
248,173
21,76
340,149
338,570
518,320
867,487
26,440
807,50
93,148
702,972
742,224
149,324
548,567
605,188
762,704
674,337
657,212
961,360
337,647
647,572
572,951
670,760
200,737
249,165
98,978
305,66
232,445
209,127
532,243
284,773
753,890
131,814
377,180
154,996
252,438
578,693
712,778
294,347
450,987
756,827
529,140
904,885
902,34
448,2
63,346
58,573
25,246
578,25
574,59
622,904
474,875
609,41
210,937
429,974
35,62
740,727
932,311
588,117
153,487
992,937
399,278
108,774
924,28
850,717
914,641
775,308
71,167
28,837
566,402
933,552
510,696
561,389
299,26
413,458
909,203
337,994
581,365
250,135
873,242
512,952
463,217
571,877
451,777
328,927
937,524
119,965
275,350
231,108
852,400
356,92
544,54
32,620
532,110
464,745
254,565
198,296
835,723
584,654
227,720
867,702
409,351
265,411
984,287
874,312
543,341
876,725
965,78
337,196
604,718
88,912
45,591
832,968
731,692
11,28
516,848
786,190
664,856
922,345
690,412
757,106
402,658
573,999
984,131
425,958
552,195
789,616
264,658
667,471
654,803
316,695
245,880
522,630
29,679
101,619
234,561
849,865
50,737
625,470
309,157
587,532
405,735
298,670
797,485
96,355
108,843
482,878
408,836
874,127
125,762
322,382
143,442
498,121
697,47
401,911
727,189
302,156
857,280
527,956
569,695
510,171
199,190
688,387
99,0
446,793
931,754
884,760
736,726
468,408
225,4
461,145
549,136
378,544
728,62
184,401
479,235
41,696
324,120
868,578
950,748
530,196
234,997
20,579
15,905
955,786
569,997
875,607
545,991
487,3
745,239
423,671
554,380
963,726
906,648
49,640
561,402
581,968
754,440
960,725
515,606
49,491
635,263
465,819
592,583
756,785
273,917
734,543
166,789
823,697
194,944
384,627
829,445
948,554
659,668
160,684
466,777
473,788
944,567
208,913
734,550
362,804
503,359
583,992
386,445
706,948
185,978
255,32
21,340
605,352
841,337
967,621
460,613
396,883
825,605
285,458
727,800
861,899
617,126
359,540
239,475
96,548
611,117
680,348
496,110
370,19
339,484
201,585
15,351
561,828
668,795
193,743
948,375
90,686
101,771
10,767
745,526
301,257
960,999
920,102
888,292
550,716
614,717
63,466
695,660
527,469
703,775
485,193
291,728
459,576
464,897
307,427
452,877
741,330
924,841
630,378
783,548
258,311
346,819
894,427
366,41
828,658
915,627
943,2
535,486
329,980
58,59
710,531
787,247
737,479
685,587
23,226
37,499
54,64
868,839
497,678
258,513
501,507
893,582
701,146
238,386
350,404
585,886
272,165
643,559
150,323
750,555
81,668
955,475
628,393
150,653
296,342
749,446
396,290
739,375
36,599
