10,50
11,38
12,36
13,42
14,39
15,42
16,47
17,45
18,48
19,48
20,32
21,33
22,33
23,34
24,36
25,35
26,37
27,38
28,40
29,42
30,42
31,43
32,46
33,47
34,49
35,50
36,50
37,56
38,52
39,57
40,57
41,61
42,61
43,65
44,61
45,67
46,65
47,66
48,70
49,68
50,70
51,75
52,70
53,54
54,65
55,57
56,66
57,56
58,56
59,59
60,59
61,59
62,60
63,61
64,65
65,62
66,64
67,74
68,70
69,66
70,70
71,68
72,66
73,63
74,65
75,66
76,67
77,66
78,66
79,67
80,66
81,69
82,69
83,75
84,73
85,74
86,72
87,73
88,86
89,57
90,57
91,57
92,59
93,59
94,59
95,61
96,62
97,61
98,62
99,63
100,70
101,75
102,76
103,78
104,83
105,84
106,90
107,88
108,80
109,83
110,74
111,99
112,84
113,75
114,73
115,73
116,73
117,73
118,74
119,73
120,76
121,76
122,78
123,84
124,62
125,63
126,65
127,64
128,65
129,76
130,69
131,79
132,88
133,88
134,86
135,81
136,72
137,86
138,89
139,87
140,116
141,100
142,104
143,85
144,95
145,92
146,88
147,83
148,74
149,80
150,78
151,78
152,80
153,80
154,92
155,105
156,105
157,121
158,91
159,92
160,90
161,91
162,80
163,71
164,69
165,68
166,70
167,71
168,92
169,71
170,72
171,73
172,74
173,75
174,73
175,74
176,75
177,73
178,76
179,75
180,75
181,76
182,77
183,79
184,80
185,107
186,105
187,107
188,107
189,107
190,109
191,91
192,84
193,82
194,83
195,85
196,84
197,86
198,85
199,86
200,88
201,88
202,85
203,86
204,87
205,80
206,80
207,83
208,82
209,92
210,86
211,86
212,85
213,89
214,105
215,88
216,84
217,84
218,84
219,84
220,84
221,85
222,85
223,86
224,87
225,89
226,90
227,88
228,92
229,88
230,101
231,98
232,112
233,126
234,118
235,97
236,97
237,100
238,118
239,127
240,127
241,149
242,127
243,99
244,96
245,109
246,107
247,112
248,124
249,110
250,116
251,115
252,114
253,146
254,114
255,105
256,111
257,116
258,106
259,120
260,116
261,112
262,134
263,115
264,116
265,116
266,113
267,137
268,137
269,139
270,138
271,110
272,106
273,106
274,107
275,108
276,109
277,109
278,109
279,128
280,109
281,109
282,110
283,111
284,112
285,111
286,112
287,115
288,114
289,112
290,115
291,114
292,113
293,117
294,140
295,146
296,149
297,150
298,145
299,141
300,142
301,145
302,150
303,150
304,149
305,141
306,167
307,181
308,149
309,145
310,151
311,146
312,139
313,140
314,125
315,144
316,162
317,138
318,126
319,124
320,127
321,125
322,124
323,126
324,125
325,127
326,127
327,127
328,128
329,128
330,130
331,131
332,133
333,130
334,146
335,152
336,175
337,197
338,142
339,169
340,203
341,165
342,164
343,161
344,141
345,147
346,157
347,157
348,151
349,162
350,154
351,183
352,145
353,144
354,144
355,157
356,146
357,155
358,165
359,146
360,176
361,144
362,143
363,145
364,157
365,183
366,202
367,157
368,153
369,197
370,214
371,159
372,148
373,150
374,153
375,153
376,150
377,150
378,150
379,150
380,156
381,154
382,151
383,153
384,155
385,156
386,156
387,156
388,183
389,186
390,161
391,157
392,180
393,179
394,193
395,166
396,168
397,166
398,173
399,191
400,171
401,173
402,175
403,187
404,207
405,187
406,190
407,190
408,194
409,197
410,174
411,173
412,165
413,170
414,167
415,165
416,182
417,171
418,179
419,185
420,231
421,179
422,182
423,187
424,184
425,171
426,170
427,173
428,169
429,176
430,178
431,176
432,175
433,173
434,179
435,176
436,184
437,176
438,177
439,176
440,175
441,177
442,179
443,178
444,220
445,228
446,222
447,192
448,228
449,214
450,204
451,185
452,184
453,180
454,181
455,181
456,181
457,180
458,184
459,181
460,186
461,184
462,185
463,185
464,183
465,213
466,235
467,200
468,211
469,225
470,224
471,224
472,236
473,197
474,201
475,198
476,219
477,233
478,200
479,226
480,262
481,221
482,235
483,224
484,200
485,204
486,233
487,208
488,246
489,267
490,295
491,235
492,229
493,260
494,224
495,206
496,196
497,199
498,199
499,200
500,201
501,198
502,202
503,200
504,212
505,205
506,205
507,205
508,204
509,206
510,205
511,206
512,207
513,206
514,209
515,211
516,212
517,210
518,210
519,253
520,279
521,283
522,301
523,305
524,314
525,325
526,303
527,262
528,213
529,215
530,236
531,234
532,243
533,246
534,288
535,255
536,258
537,266
538,270
539,262
540,293
541,221
542,220
543,229
544,306
545,305
546,268
547,272
548,261
549,232
550,227
551,233
552,225
553,222
554,225
555,223
556,228
557,225
558,227
559,227
560,227
561,229
562,231
563,229
564,233
565,230
566,230
567,229
568,232
569,231
570,245
571,258
572,322
573,278
574,278
575,254
576,258
577,240
578,254
579,279
580,283
581,285
582,285
583,288
584,284
585,256
586,279
587,256
588,302
589,263
590,278
591,271
592,267
593,251
594,244
595,243
596,288
597,243
598,240
599,244
600,244
601,244
602,245
603,245
604,246
605,246
606,244
607,245
608,256
609,248
610,250
611,250
612,247
613,250
614,253
615,250
616,260
617,316
618,309
619,374
620,270
621,254
622,253
623,257
624,273
625,275
626,272
627,270
628,268
629,259
630,258
631,258
632,258
633,259
634,258
635,259
636,260
637,266
638,323
639,265
640,308
641,311
642,326
643,334
644,412
645,446
646,372
647,341
648,337
649,277
650,273
651,293
652,271
653,266
654,267
655,286
656,270
657,283
658,350
659,343
660,340
661,342
662,322
663,274
664,359
665,323
666,339
667,404
668,341
669,335
670,331
671,280
672,328
673,322
674,338
675,314
676,304
677,293
678,277
679,277
680,278
681,278
682,279
683,277
684,275
685,279
686,280
687,282
688,282
689,280
690,280
691,278
692,279
693,284
694,283
695,285
696,285
697,325
698,333
699,364
700,333
701,295
702,292
703,323
704,348
705,341
706,393
707,353
708,365
709,348
710,352
711,363
712,378
713,363
714,358
715,337
716,301
717,293
718,294
719,294
720,292
721,293
722,296
723,293
724,302
725,295
726,297
727,299
728,295
729,295
730,294
731,299
732,298
733,299
734,319
735,308
736,332
737,422
738,353
739,336
740,316
741,376
742,376
743,329
744,331
745,363
746,414
747,381
748,362
749,334
750,433
751,375
752,369
753,360
754,316
755,310
756,330
757,323
758,322
759,337
760,314
761,309
762,329
763,314
764,315
765,329
766,315
767,316
768,343
769,319
770,316
771,368
772,404
773,401
774,431
775,362
776,394
777,353
778,389
779,398
780,416
781,388
782,337
783,368
784,458
785,396
786,407
787,382
788,344
789,326
790,342
791,328
792,344
793,345
794,328
795,326
796,343
797,335
798,328
799,342
800,331
801,332
802,348
803,331
804,352
805,382
806,390
807,388
808,361
809,422
810,413
811,408
812,409
813,413
814,390
815,404
816,417
817,401
818,405
819,408
820,363
821,338
822,361
823,342
824,342
825,358
826,343
827,342
828,360
829,343
830,344
831,362
832,349
833,353
834,369
835,348
836,346
837,378
838,394
839,401
840,426
841,357
842,354
843,362
844,430
845,451
846,426
847,423
848,390
849,368
850,469
851,388
852,398
853,374
854,355
855,373
856,354
857,353
858,353
859,353
860,356
861,353
862,358
863,356
864,371
865,359
866,357
867,360
868,357
869,359
870,366
871,389
872,406
873,484
874,382
875,376
876,463
877,460
878,451
879,577
880,447
881,468
882,460
883,500
884,417
885,468
886,371
887,367
888,368
889,366
890,367
891,369
892,367
893,367
894,375
895,370
896,370
897,370
898,370
899,371
900,368
901,377
902,400
903,514
904,433
905,389
906,424
907,467
908,487
909,470
910,476
911,466
912,511
913,483
914,464
915,421
916,385
917,382
918,389
919,384
920,418
921,382
922,380
923,392
924,381
925,383
926,383
927,383
928,386
929,381
930,385
931,398
932,411
933,449
934,492
935,417
936,401
937,473
938,508
939,467
940,489
941,490
942,472
943,527
944,476
945,437
946,423
947,394
948,395
949,391
950,394
951,402
952,394
953,397
954,397
955,398
956,397
957,399
958,399
959,403
960,404
961,420
962,465
963,471
964,420
965,407
966,403
967,448
968,483
969,484
970,497
971,422
972,459
973,531
974,528
975,469
976,462
977,412
978,414
979,408
980,407
981,409
982,409
983,410
984,411
985,410
986,412
987,409
988,411
989,435
990,500
991,480
992,432
993,510
994,437
995,510
996,456
997,458
998,453
999,420
1000,476
